InternalClassType: Method
Coordinate3D: [15.950000000000001,-1.6500000000000001,0]
Origin: 83b22d10-d72b-4ef3-bbe9-cd2d91910983
RandomSeed: 419
UUID: 66eb2ffe-2a72-4667-8a9e-1abd086bbfa3
