InternalClassType: Method
Coordinate3D: [9.4500000000000011,-1.6500000000000001,0]
Origin: 43404f5d-de13-46a2-8623-b5739cf2f470
RandomSeed: 420
UUID: 2701d167-bfbc-43cb-9ec7-ea3848bb1f12
