InternalClassType: Method
Coordinate3D: [26.400000000000002,-1.6500000000000001,0]
Origin: c31e62b3-8f47-453a-aadc-ae031de59b5e
RandomSeed: 416
UUID: 2038f7f1-8129-4653-989d-ccae5472c805
